[121, 928, -633, 806, -561, 592, 440, 39, -467, 493]
[655, -607, 355, 660, 406, 658, -120, -157, 900, 582]
[-141, 452, 238, -798, -461, -419, 288, -601, 648, 842]
[563, -617, -865, 683, -372, 151, -902, 458, 610, 721]
[962, 270, 174, 120, 120, -674, -222, 132, 240, -925]
[-548, 285, -828, 800, -550, 856, -158, 46, 606, -594]
[-80, -952, -205, 667, -857, 376, 574, 36, -347, 277]
[-88, 669, 342, -261, 558, 640, 531, 696, -248, -651]
[-278, 373, 727, 915, 707, 27, 278, 561, -491, 11]
[-531, -315, 40, 393, -937, -63, 364, 572, -996, -616]
[-782, -345, 924, -27, 286, -767, 844, -386, 871, -759]
[-738, 774, 288, 142, 574, -916, -337, 695, -135, 772]
[-817, -73, 292, 100, -314, -672, 327, -144, -773, -229]
[20, 864, -353, -568, 514, 864, -684, 797, 60, -290]
[-146, 79, 712, 992, 290, -207, 890, -124, 51, -179]
[-459, 811, -700, -48, 261, 956, -252, -627, 62, 719]
[211, 169, 0, -119, -370, -328, -261, -323, -265, -535]
[-416, 220, -298, 850, 765, -434, -1000, 367, 555, 780]
[612, 116, -605, -456, -287, 685, -51, 173, -38, -443]
[-649, 352, 591, 803, 693, -851, -946, -178, -856, 687]
[-493, 764, -651, 762, -613, -790, -264, -712, 90, -483]
[176, -530, -437, 386, 103, -687, 708, -695, -694, 792]
[-793, -362, -100, 502, 883, -161, 589, -595, -281, 936]
[-94, -579, 895, 874, 176, 42, 481, -167, 274, -99]
[-685, 718, 173, -407, -989, 472, 532, -337, 241, -962]
[969, -233, 52, 636, 375, -83, 145, -974, -466, -27]
[426, -135, -336, -302, 832, 50, 5, -175, -392, 435]
[-607, 654, 42, 665, 9, -945, -965, -738, -486, 373]
[-125, -79, 133, 302, 798, 87, -959, -886, 866, 550]
[32, 795, 533, -719, -115, 476, -417, -167, -419, -785]
[-217, 648, 774, -554, -79, -207, -941, 268, 132, 457]
[-986, -60, 925, -378, -951, -989, 915, 754, -467, -146]
[-364, 987, 261, 476, -871, -728, 615, -424, 213, 527]
[-949, 555, -649, 995, -489, 444, -957, -258, -881, 812]
[-544, -698, 286, -475, 141, 456, -502, 348, -515, -235]
[780, -465, -918, -84, -992, 84, 31, 381, -438, 158]
[-563, -257, 13, 437, -369, 272, 538, -601, -815, 984]
[-448, 993, 671, -35, 472, -541, -812, 630, 2, 156]
[20, -452, 95, 501, 792, 585, 734, 788, 769, -663]
[-139, 832, -205, -737, 616, 222, 243, -768, -885, -119]
[-515, -273, -207, 542, 925, 943, 641, 473, 654, 656]
[854, 520, -1000, -873, -445, -619, -617, -565, -585, -935]
[-496, -394, -181, 923, 472, -20, 967, 366, -145, 473]
[636, 338, 785, -132, -42, 962, -845, 95, -523, 784]
[-591, -27, 967, -840, -32, 120, -394, 857, -479, -899]
[303, 912, -87, -666, 988, -340, 892, -402, -539, -193]
[291, -887, -423, 642, 58, 834, 719, -264, 303, -835]
[-873, 285, -268, -184, -497, -500, 828, -32, 675, 976]
[983, -507, 213, -742, 825, -305, 108, -291, 411, 25]
[494, 632, -904, 631, -620, -299, -101, -186, 102, 61]
[281, -198, 233, -174, -470, 458, -643, -999, 355, 927]
[-860, -625, 610, -817, -781, -250, 939, 553, 857, -476]
[585, -179, 598, -882, 973, -511, -301, 113, 8, 510]
[944, 262, -488, 868, 152, 240, 428, -731, -230, 364]
[625, 802, 778, 558, -299, 903, -476, -591, 984, -296]
[285, 112, 198, 801, -847, 834, 665, 43, 640, -127]
[329, 206, 0, -446, 383, 232, -953, 738, 148, 800]
[-130, 536, -767, -630, 703, -687, 794, 448, 717, 363]
[-909, 727, -684, 287, -102, -259, -640, -384, -926, -906]
[-522, 722, -78, -830, 447, -407, 150, -576, 464, 57]
[-350, 845, -827, 748, 768, -690, 610, -816, 639, 259]
[-747, 824, 479, -790, 289, -922, 387, 787, 694, 260]
[-397, -826, 214, 690, 702, -718, 883, 890, 893, 823]
[698, -121, 864, 134, 67, 965, 906, 382, 404, 169]
[551, 400, 939, -241, -995, 902, 629, 787, 778, -68]
[-180, 242, -854, -704, 361, -674, 6, -756, -867, 455]
[-439, 650, 462, 83, 591, 732, 216, 842, 641, 345]
[-535, -734, -70, 359, -674, 72, 801, 23, 883, 509]
[-163, -952, 851, 32, 929, -305, 448, -563, -790, 552]
[-967, -489, -352, -121, 82, 333, -422, 989, 87, -613]
[-158, 950, 544, -904, 776, -86, 384, -828, 594, -473]
[-336, 655, 581, -806, -224, 866, 860, -35, -83, 450]
[-321, -851, -943, 770, -194, -745, -751, 500, 781, 795]
[496, -52, 236, -393, -466, -716, -828, 766, -269, -813]
[-113, -451, 597, -254, 450, -754, -957, 7, -380, 981]
[627, 599, -302, -356, -699, -442, -129, 923, -594, -251]
[-148, -11, 720, -841, 98, 739, 330, -114, 503, -754]
[-784, -664, 25, 369, -359, 844, -355, -379, -916, 389]
[-944, -887, -817, 137, -664, -757, 577, 350, 81, -164]
[-414, 962, 713, 58, -951, 853, 445, -842, 895, 896]
[-36, -5, 602, -531, -289, 379, 2, 514, 419, 208]
[689, -808, -153, -804, -654, -996, 467, 747, -650, 926]
[-972, -278, 419, 309, 231, 234, -10, -326, -784, 941]
[-753, 903, 620, 762, -427, -629, 994, -605, 858, 169]
[-535, 528, -233, 413, 102, -334, -409, -708, -402, -503]
[41, -769, -363, -901, -227, -214, -936, -408, -492, -943]
[-621, -256, 617, -179, 39, 565, 499, 400, -303, 997]
[-913, -991, 279, 627, -612, 461, -777, -571, 110, 870]
[-419, -465, -440, 743, 94, 125, -693, -112, 17, -330]
[663, -327, 685, -792, -600, 308, -231, 85, -447, 949]
[463, -869, -970, 947, 621, 966, 205, 471, 731, -139]
[760, 342, -672, 485, 766, -241, -630, -277, -474, -616]
[-271, 106, 46, 801, -931, 918, 204, -593, 748, -559]
[737, -534, -579, -262, -718, 333, 774, 438, 897, 761]
[930, -825, -686, -1000, 407, 631, -888, 162, 767, -332]
[-619, 465, -154, -73, -181, 920, -963, 970, -640, 108]
[-473, -105, 52, 347, -79, 740, -7, -176, -130, 407]
[-947, -984, 676, 919, 695, 26, -909, -290, 353, -478]
[928, 307, 269, -774, 429, 667, 859, 57, -792, -316]
[976, 527, 915, 304, 879, -664, -17, -934, -49, -576]